%YAML:1.0
---
camera_matrix: !!opencv-matrix
   rows: 3
   cols: 3
   dt: d
   data: [ 9.7099591999999996e+02, 0., 5.4719893999999999e+02, 0.,
       9.6929862000000003e+02, 3.4801366000000002e+02, 0., 0., 1. ]
distortion_coefficients: !!opencv-matrix
   rows: 4
   cols: 1
   dt: d
   data: [ -1.4210999999999999e-01, 1.0952000000000000e+00,
       -4.0899999999999999e-03, -4.3400000000000001e-03 ]
