%YAML:1.0
---
camera_matrix: !!opencv-matrix
   rows: 3
   cols: 3
   dt: d
   data: [ 2.2881999999999999e+02, 0., 6.0132000000000005e+02, 0.,
       2.2859000000000000e+02, 3.6338999999999999e+02, 0., 0., 1. ]
distortion_coefficients: !!opencv-matrix
   rows: 4
   cols: 1
   dt: d
   data: [ 4.8999999999999998e-03, 1.0499999999999999e-03,
       1.2000000000000000e-04, 4.6999999999999999e-04 ]
